Gene Symbol	1.ctrl	2.ctrl	3.dox	4.dox	5.acti	6.acti	7.fccp	8.fccp	9.mb	10.mb
A2M	10.2575	10.5443	10.2839	10.2991	9.83775	10.2428	9.5066	9.52599	9.62679	9.87539
AAAS	9.71266	10.5564	9.65306	9.62757	9.71371	10.9285	10.2918	10.1654	9.26059	10.0903
AACS	9.81832	8.40969	11.3129	11.0744	10.6607	10.0076	10.0671	9.96096	9.87575	8.81251
AAK1	9.12009	9.17246	9.76948	9.94584	10.0253	10.4037	10.1896	10.3616	10.5908	10.4211
AAMDC	8.84595	10.1317	10.807	12.7309	9.80964	9.28451	8.10859	9.07256	10.6378	10.5714
AAMP	10.5988	9.85273	10.9275	11.3219	9.74187	9.42831	10.2309	10.3416	9.10991	8.44656
AAR2	10.0602	7.90762	12.381	10.814	9.86172	8.91334	9.74414	10.5964	10.1649	9.55672
AARS	7.74044	6.7502	10.6462	10.2737	11.6329	11.0068	12.5605	12.5554	8.83777	7.99607
AARS2	9.72004	10.3085	8.93542	8.80525	10.6618	11.6565	10.1957	10.2414	9.58104	9.89441
AARSD1	10.0703	8.57923	12.041	10.3219	10.0031	10.6522	9.84859	13.0835	7.97362	7.42648
AARSD1	9.41197	9.2364	9.84145	10.7475	10.8002	10.8069	11.8452	11.233	8.13812	7.93928
AASDHPPT	9.2495	8.70252	11.0364	11.6016	10.3394	11.2163	10.741	10.6774	8.13597	8.29979
AASS	10.3496	10.4943	8.73661	8.47621	11.0246	11.6373	9.95675	11.0186	9.0078	9.29819
AATF	10.7189	9.167	11.0756	8.19212	11.86	9.50528	12.1297	9.08671	9.84968	8.41495
ABCA2	10.3603	10.7683	10.2346	10.1134	9.09829	9.58298	8.76453	8.67751	11.1682	11.2318
ABCA7	8.53412	8.32073	10.2484	9.83791	9.46614	9.84496	8.31966	9.21136	13.2953	12.9215
ABCA8	10.0731	10.6266	10.5682	8.6038	11.2608	9.8931	7.13632	8.75339	10.8526	12.2321
ABCB1	10.6205	9.82739	8.58935	8.36036	10.6656	11.1144	8.03868	8.18167	12.3674	12.2346
ABCB10	8.90357	8.96229	8.75985	9.12269	11.4471	12.0208	9.87028	11.45	9.50705	9.95649
ABCB4	10.0932	9.69818	9.49863	9.62411	9.86959	10.5158	8.55826	8.88364	11.8167	11.4419
ABCB6	9.97167	9.83883	10.5675	9.24099	10.2158	10.3295	8.46212	9.00639	10.5684	11.7988
ABCB7	10.1092	9.90154	8.85592	8.70269	11.3808	12.5027	9.20399	10.8565	8.96313	9.52351
ABCB8	10.0398	10.3491	9.35499	9.54066	10.1187	11.3456	8.99619	8.25663	10.5797	11.4186
ABCC1	10.2341	9.14523	10.4982	9.35972	10.3824	10.0724	8.73425	9.31127	11.2388	11.0237
ABCC10	11.435	10.2459	8.75908	8.08425	11.6022	11.183	7.44063	8.78404	11.6101	10.8558
ABCC3	8.66014	8.2039	9.44315	8.42853	10.7716	11.6177	10.4545	11.2128	10.4395	10.7683
ABCC4	10.6974	9.27768	10.6019	9.54285	10.6933	10.2371	9.44413	9.66873	10.0562	9.78082
ABCC5	10.1203	9.46149	9.95346	9.06611	10.6668	11.5793	8.43782	8.69377	10.4013	11.6196
ABCC8	10.4035	10.924	10.5847	10.4963	9.05458	9.66981	9.18504	8.97508	9.65062	11.0564
ABCD1	11.5275	11.3288	8.70264	8.64202	9.13048	10.0578	8.02435	8.77593	11.5898	12.2207
ABCD3	11.6243	10.9162	8.86564	8.14778	9.34929	9.25875	8.36592	8.30008	12.494	12.6781
ABCE1	10.2547	9.37183	10.7637	10.9818	10.5754	10.5444	10.7897	10.6337	8.11382	7.97104
ABCF1	9.77406	8.87774	10.756	9.81293	10.7505	10.1162	10.6629	10.0732	10.094	9.08246
ABCF1	6.42115	11.9444	5.86714	13.4235	8.33704	15.049	8.45961	12.9131	6.31965	11.2654
ABCF2	9.99002	9.81429	9.88517	10.0782	10.7351	10.3702	11.4359	10.8368	8.56635	8.28795
ABCF3	10.2004	9.30007	10.1412	10.2996	10.3844	10.0055	10.516	10.3607	9.76074	9.03128
ABHD10	10.4039	10.4982	8.5035	8.94142	10.9226	11.1985	10.3168	10.5253	8.99493	9.69476
ABHD11	10.7653	9.7017	8.35654	8.26667	10.9496	12.1462	10.2618	10.6285	9.30108	9.62269
ABHD12	10.7133	11.2322	10.4267	10.0934	9.28609	10.0577	8.28921	9.16671	10.3501	10.3846
ABHD14B	8.90023	8.14025	11.4367	11.217	10.6893	10.398	9.78007	10.0861	10.0449	9.30748
ABHD16A	10.9531	10.1419	9.27332	9.58362	9.6053	9.85795	9.22383	9.28291	11.0724	11.0056
ABHD17B	11.1726	9.26412	10.8074	8.52402	10.4014	9.43417	10.3593	9.26503	10.4948	10.2772
ABHD3	10.6383	10.8217	7.1484	7.8044	8.27105	9.57315	10.3225	8.9911	13.2001	13.2293
ABHD4	7.07888	8.53203	8.02309	8.38548	7.92791	8.41528	8.86501	8.27525	17.0362	17.4608
ABHD5	9.30299	8.86141	10.3548	10.0756	9.65984	10.29	11.5091	10.727	9.46372	9.75549
ABHD6	9.2852	10.6671	9.5808	10.0068	9.41251	10.2023	8.36141	9.58086	11.5587	11.3443
ABI1	9.19248	9.93105	9.5244	9.76823	10.0701	10.4799	9.67567	10.0869	10.8298	10.4415
ABI2	10.1473	9.79588	9.75808	10.0034	9.93396	10.1098	9.88855	9.88962	10.2643	10.2091
ABL1	10.4796	9.90518	9.74102	10.7637	8.8187	8.98325	9.2737	9.16331	11.4244	11.4471
ABL2	10.1392	9.41824	10.2842	10.3192	9.90221	9.92767	9.86711	10.2089	9.86202	10.0713
ABLIM1	10.7947	10.6765	10.12	9.93	9.25402	9.06339	10.2295	9.60278	10.4322	9.89694
ABR	9.77727	8.2254	10.749	10.1747	10.1635	9.74259	9.66321	9.66876	11.0337	10.8018
ABT1	9.79872	9.55489	10.1414	9.19425	11.1172	10.9915	10.267	10.9371	9.12942	8.86861
ABTB2	10.5582	9.7418	10.319	10.5358	8.62213	8.78176	9.11854	10.003	11.4978	10.822
ACAA1	10.4133	10.7749	8.81738	8.66216	9.74997	9.21126	9.06786	8.75832	12.5866	11.9582
ACAA2	9.7957	9.95463	9.1463	8.72102	11.4071	11.7302	10.1034	10.3732	9.46571	9.30266
ACACA	10.1372	9.15261	10.6067	10.9371	9.88031	10.6249	9.52914	10.2624	9.37468	9.49492
ACACB	10.2946	8.59304	11.5952	10.7699	9.95532	10.1483	9.46031	9.96968	9.71962	9.49398
ACAD10	10.6171	11.055	9.37251	8.88513	10.0856	10.4396	8.55087	9.1754	10.5374	11.2814
ACAD11	10.0906	9.40961	8.19064	7.8434	10.0245	9.8827	9.9022	9.36781	12.8245	12.4641
ACAD8	10.4399	10.098	9.82993	8.92723	10.9357	11.0555	9.65257	9.62972	9.77531	9.65605
ACAD9	10.0498	9.70048	9.64217	8.8518	11.3507	11.2303	9.75205	10.4068	9.4562	9.55965
ACADL	10.6012	9.15943	9.53314	8.40664	10.5328	11.398	9.99223	10.9704	8.99506	10.4111
ACADM	10.7963	11.9343	9.03474	9.2557	10.2783	10.432	9.65488	10.0822	9.00695	9.52457
ACADS	11.8857	10.3352	8.71123	9.48382	10.1476	11.0416	9.28325	9.77773	9.61461	9.71932
ACADSB	10.525	10.8508	10.0742	9.73922	10.3087	10.2295	10.0862	10.2671	8.88883	9.03049
ACADVL	10.5155	11.2683	8.66277	8.455	11.6383	11.8525	9.05679	9.70449	9.32527	9.521
ACAP2	9.58135	8.7098	11.0322	10.6978	9.80537	10.2759	10.0334	10.4033	9.64558	9.81533
ACAP3	10.5215	8.86992	10.7926	10.471	10.9548	10.4253	8.86129	8.36127	10.8103	9.93204
ACAT1	10.0264	11.2029	9.22152	8.97703	10.8125	11.2553	10.4163	10.9768	8.44842	8.66284
ACAT2	9.77215	10.1115	10.3755	12.0373	9.54189	9.89981	9.65374	9.88287	9.42455	9.30074
ACBD3	9.67742	9.57274	9.49221	9.19123	9.8145	9.60554	10.9978	10.7792	10.423	10.4465
ACBD5	11.1058	10.7232	8.14805	8.25324	9.60757	9.4711	9.12197	9.29598	11.8022	12.4708
ACBD6	9.00787	8.18882	9.58321	9.92309	10.5089	10.8624	12.9539	13.7673	7.87044	7.33399
ACD	11.111	11.7432	9.26772	10.0706	8.63948	9.13655	10.096	10.289	9.955	9.69151
ACIN1	10.3488	12.164	9.59983	9.6768	9.89529	9.8598	9.90271	9.78949	9.06767	9.69562
ACIN1	10.3898	11.8375	9.60804	9.28336	10.6724	9.25887	9.97041	8.55949	10.2537	10.1664
ACKR3	11.208	13.0843	8.78823	10.3291	8.8248	11.7472	7.16932	8.53287	9.36532	10.9507
ACLY	9.52664	9.09799	10.3807	11.0651	9.57086	10.2849	9.5737	10.3049	9.9638	10.2315
ACLY	10.3014	8.80916	11.6787	10.2246	9.86628	9.53398	10.4293	9.21194	11.2096	8.73499
ACN9	12.9633	12.8446	10.159	9.83232	10.1664	10.3891	8.86168	9.09504	7.65156	8.03695
ACO1	9.61084	8.54174	10.5233	10.7624	10.4547	10.4924	9.7616	9.59989	10.4234	9.82974
ACO2	11.0739	12.0118	9.7023	9.93118	11.8671	12.4322	9.64849	10.655	6.14512	6.53286
ACOT1	9.90418	9.953	8.23605	11.0692	10.5269	11.3342	10.4099	10.32	8.71941	9.52719
ACOT11	9.85219	8.87184	11.2738	10.2793	10.1798	10.9172	8.22932	9.15678	10.6266	10.6132
ACOT13	9.65427	9.40786	9.07924	8.86224	11.0514	10.9222	11.4288	11.2067	9.42737	8.95989
ACOT2	9.94897	10.2298	9.63381	9.19802	11.2194	11.2129	9.51993	10.3635	9.12746	9.5461
ACOT7	9.36101	8.86588	10.3257	10.6621	10.4591	10.596	10.0624	10.3626	9.82404	9.48121
ACOT8	10.2189	10.491	9.41103	8.93142	9.90582	9.80429	9.54646	9.43946	11.5894	10.6623
ACOT9	10.6343	10.311	9.54849	9.16969	9.77745	10.4864	10.7052	11.5868	8.92976	8.85093
ACOX1	10.9348	12.0594	8.54676	9.24577	9.07234	9.63096	8.71811	8.83104	10.9482	12.0127
ACOX3	11.7983	11.3266	9.42379	8.37887	9.17344	8.91398	8.76426	8.08646	12.5364	11.5978
ACP1	8.92102	9.25382	9.20432	11.5089	9.60821	10.9548	10.7312	11.2966	8.63777	9.88331
ACP2	10.0846	10.1553	10.5749	10.0711	9.97132	10.4032	8.82765	9.96634	9.45933	10.4863
ACP6	11.4059	11.325	10.6579	11.5667	9.1218	10.283	7.7158	8.35087	9.83982	9.73306
ACSF2	9.62217	9.972	8.25965	10.664	12.2478	8.69191	7.81993	10.1947	10.3873	12.1404
ACSF3	9.07365	8.98142	9.50109	8.75977	10.9946	11.385	10.7399	10.5143	10.14	9.91016
ACSL1	10.9044	10.6256	10.4404	9.81833	8.88521	9.29991	9.4857	9.25631	10.5535	10.7307
ACSL3	10.7929	10.4231	10.6333	9.54797	9.61814	9.42783	8.30247	8.19871	11.9324	11.1231
ACSL4	11.2427	10.6444	10.0142	9.07036	9.88808	9.21172	8.34841	8.06223	12.2376	11.2802
ACSS2	9.11889	8.51212	9.99344	10.7192	10.4949	10.7021	9.28797	10.9578	9.89201	10.3216
ACTA2	9.80117	9.70438	10.0894	10.9033	9.9786	9.94597	10.2725	9.79028	9.52522	9.98909
ACTB	9.99836	10.0162	9.98333	10.4152	9.7138	10.2128	9.83664	10.1287	9.71481	9.98013
ACTG1	9.27971	9.36434	9.83711	10.0646	10.5635	10.2822	10.5355	11.1618	9.54384	9.36737
ACTL6A	11.0004	10.1501	11.1078	9.71003	9.75595	9.11044	9.81072	9.3211	10.4504	9.58303
ACTN1	9.75261	11.3716	9.51553	10.6673	9.62924	9.89312	10.1624	9.69156	9.59089	9.72577
ACTN4	10.1125	10.7089	10.2289	10.3439	9.7103	9.86141	9.87761	9.50828	9.92101	9.72711
ACTN4	9.41395	10.7066	10.3943	10.2686	8.99817	11.1482	9.02531	9.60119	10.1073	10.3364
ACTR10	10.314	9.77403	9.62248	9.79918	10.4455	9.33174	10.6505	9.94916	10.4379	9.67555
ACTR1A	10.237	9.44764	10.3818	10.981	9.69842	9.87539	9.71804	10.1337	9.88118	9.64581
ACTR1B	10.8777	10.4997	8.65057	11.9206	8.7727	10.2476	8.91533	10.1697	9.14932	10.7967
ACTR2	9.61219	8.95837	10.2074	11.3962	9.79121	10.1446	9.94609	9.9298	9.78705	10.2272
ACTR3	9.87988	9.09945	10.2934	10.3704	10.1679	9.97137	9.9292	9.93563	10.3656	9.98724
ACTR3B	9.62545	8.87406	10.8003	10.0794	10.1457	10.3248	10.1225	10.0588	10.1545	9.81458
ACTR5	10.9316	10.6158	10.3056	10.1468	9.57248	9.68142	10.3439	9.72891	9.35641	9.31708
ACTR6	11.5584	10.0739	9.99205	9.60788	8.9986	10.0464	9.87834	9.57146	10.0774	10.1956
ACTR8	9.63531	9.74029	9.67808	9.30313	11.3234	11.5402	10.228	10.5986	9.01352	8.93943
ACVR1	10.5783	11.5941	8.32781	9.78539	9.51278	10.6902	8.51771	8.81905	9.65253	12.5221
ACY1	8.79364	7.5554	12.4867	11.8482	10.4305	10.942	10.532	10.6123	8.46987	8.32945
ACYP1	9.77121	10.0013	10.9688	11.9192	9.29192	10.5582	8.4172	10.1951	9.21184	9.66513
ACYP2	8.79043	8.04212	10.4335	10.7566	11.2824	10.5827	10.3563	10.1293	9.95125	9.67535
ADA	8.45695	9.48873	11.7704	9.54984	10.9644	10.0535	10.7227	9.95038	10.7302	8.31296
ADAL	8.67503	8.60455	10.9087	11.7523	10.1743	10.2849	9.99171	10.7956	9.69782	9.11514
ADAM10	10.0049	10.4678	9.64781	9.57274	8.9995	9.19306	10.0059	9.95122	11.1829	10.9741
ADAM12	13.5998	12.5422	10.714	8.58909	6.1161	7.07731	7.88655	7.67523	12.4326	13.3671
ADAM15	10.6945	11.1688	9.60203	10.8746	8.99837	9.81625	8.28264	9.45956	10.2707	10.8326
ADAM17	9.16721	10.3274	8.54774	9.23965	10.0195	10.9538	9.23856	10.2021	10.7637	11.5403
ADAM22	11.6549	12.5793	10.2713	10.7096	7.41815	8.04059	7.24322	7.48797	12.4586	12.1365
ADAM9	11.4404	12.845	9.26969	10.9704	8.202	8.9797	8.34997	8.68361	10.1413	11.118
ADAMTS1	10.6472	10.5291	8.58789	8.63483	10.3247	11.2282	11.5851	11.4149	8.43746	8.61057
ADAR	10.3085	10.627	10.1958	9.74133	9.95119	9.64291	10.0331	9.56415	9.96266	9.97325
ADARB1	9.69015	10.4434	9.27362	9.8404	8.91339	10.9389	10.4702	12.4653	8.43634	9.52817
ADAT1	9.13906	8.45209	11.0755	10.3675	10.2217	9.98025	10.6588	10.7766	9.8622	9.46624
ADAT2	7.61232	7.96054	12.1024	12.1408	9.51588	11.8885	10.1038	11.5121	7.85285	9.31094
ADAT3	8.93458	9.80073	10.5291	11.0647	9.50439	11.1089	10.9825	9.93426	9.57076	8.57002
ADCK3	11.8701	10.3532	11.755	10.4733	9.88619	9.52815	8.04731	7.66931	10.3719	10.0456
ADCK4	12.2346	11.8353	9.67273	9.4855	8.73447	9.62479	8.57743	9.64895	10.2332	9.95301
ADCY3	11.4787	11.4683	9.98204	9.85415	9.39128	9.8948	9.19623	8.9261	10.3888	9.41956
ADCY6	9.6244	8.99309	9.28434	9.00929	9.51266	8.4119	7.96525	7.77459	15.0442	14.3803
ADCY9	10.4809	10.6396	9.76674	9.81622	9.26348	9.98393	9.54777	10.14	9.89701	10.4644
ADD1	10.7432	10.3029	9.50601	9.90658	8.96156	9.15181	8.44615	8.66663	11.9437	12.3715
ADD3	10.3427	10.1376	9.67422	9.03585	9.55731	9.64643	8.44146	8.49103	12.2229	12.4505
ADD3	10.7803	10.8673	9.201	9.20226	8.4507	7.54312	8.38816	8.23376	14.1406	13.1927
ADH5	9.28268	8.28184	11.5005	10.7734	10.4232	10.0768	10.4863	10.6353	9.56792	8.97215
ADI1	9.58618	8.81805	12.1063	10.9397	10.4044	10.589	11.6036	10.4559	8.23106	7.26582
ADIPOR1	7.93791	7.45604	11.2614	9.79432	6.63901	7.51502	7.60588	8.33891	15.5318	17.9197
ADIRF	11.3578	8.41658	10.1522	10.7939	11.7295	8.97883	10.0725	9.37475	9.60007	9.52385
ADK	9.27664	8.15169	10.9928	10.6079	10.796	10.2075	11.2905	10.6499	9.52215	8.50485
ADNP	11.0915	11.9997	10.2588	9.77588	9.53594	9.2613	9.37273	8.90698	9.85531	9.94177
ADNP2	10.4593	11.7257	8.29575	8.95945	10.1606	9.75824	10.2032	10.238	9.43964	10.7601
ADO	9.23139	8.80455	10.627	9.74401	10.6748	10.7954	10.6707	10.8708	9.46997	9.1113
ADPGK	10.5701	9.04651	11.5119	9.15961	10.2685	9.05755	9.23806	8.99643	11.1935	10.9577
ADPRHL2	8.43519	7.56548	10.2857	10.401	10.561	11.1519	10.686	11.2581	9.94616	9.70946
ADRA2A	11.8636	12.3244	10.8814	10.6342	9.86368	10.3705	6.80044	7.10671	10.0168	10.1383
ADRBK1	10.3867	8.90643	9.42695	11.5762	9.39119	9.45732	8.82994	9.4333	10.4302	12.1617
ADRM1	9.99563	8.95315	10.7133	9.60055	10.4591	10.1206	10.6207	10.0667	9.92353	9.54667
ADSL	9.61848	8.95077	10.3033	10.4747	10.7737	10.3943	11.1334	11.125	8.75109	8.47521
ADSS	10.1017	8.86131	10.5833	11.7415	10.133	10.4273	10.2442	10.1364	8.88772	8.88361
ADSSL1	8.94301	7.55178	11.4565	10.1356	9.72707	9.28731	7.90957	8.5009	13.3243	13.164
ADTRP	10.1699	9.3248	12.0841	11.3983	10.1568	10.0719	9.81363	10.6761	8.37352	7.93103
AEBP2	8.67744	8.28968	10.3147	9.79075	10.1482	10.1869	10.6335	10.5497	10.5638	10.8453
AES	9.68884	7.45755	11.9005	11.0138	11.3207	8.57598	9.73046	9.67932	10.3319	10.3009
AFAP1	11.6243	12.8221	9.30976	9.08074	8.53646	9.45568	11.7179	10.8688	8.37137	8.21285
AFF1	11.2179	12.1235	9.51984	8.8303	9.0799	8.39776	8.88367	8.75403	11.8699	11.3233
AFF4	10.9822	12.3104	8.50377	8.86295	9.63167	9.29155	9.26954	9.07055	10.7326	11.3447
AFG3L2	9.78687	9.16791	8.44098	9.08775	11.7339	12.8035	9.21399	10.6607	9.13523	9.96924
AFTPH	10.7613	10.1871	9.5712	10.2772	9.53066	9.69146	9.98972	10.1721	9.78386	10.0353
AGA	10.4412	10.0547	9.3457	8.24626	10.4868	10.8245	9.85924	11.1435	10.8704	8.72759
AGAP1	10.4782	10.2177	10.1341	9.52617	9.69271	9.66002	9.5465	9.0506	11.2676	10.4264
AGAP3	10.698	8.80448	11.216	9.63431	10.7144	8.99917	10.7659	9.25162	10.8224	9.09369
AGFG1	9.30983	9.11327	9.31215	9.99321	10.4486	11.0134	11.0853	11.2959	9.22198	9.20631
AGFG2	10.4193	9.00938	11.0248	11.104	9.51056	10.0211	9.0823	8.77419	10.7769	10.2775
AGGF1	8.81345	9.71231	9.82606	10.044	9.53596	9.63238	10.4021	10.4162	10.9011	10.7165
AGK	10.414	9.74547	9.4319	7.73709	11.7682	11.8766	10.2956	10.1262	9.50452	9.10039
AGL	10.2911	8.71244	10.6123	10.3468	10.3769	10.0162	9.68445	9.58246	10.5463	9.83104
AGMAT	9.76495	10.1383	9.34025	9.57978	10.5927	11.5746	10.7026	10.1554	8.95375	9.19777
AGO1	8.36885	9.93676	9.6209	11.9936	8.9584	11.1615	8.46689	11.2605	8.96066	11.2719
AGO2	9.69655	9.68675	9.40757	10.0582	10.2259	10.7055	10.2771	10.4288	9.82468	9.68902
AGO3	10.2576	8.67395	10.4147	9.44647	10.8851	9.80151	10.2662	9.77506	10.3107	10.1687
AGPAT1	10.4007	9.52059	8.38697	9.7189	10.2141	9.12419	7.8575	8.88875	13.0358	12.8525
AGPAT3	10.2849	10.1006	10.1161	10.1041	9.27508	9.49429	8.27155	8.91598	11.7036	11.7337
AGPAT5	12.4361	10.4881	10.0825	9.33251	9.4495	9.22663	9.52485	9.42796	10.3838	9.64811
AGPAT6	11.6277	11.0888	10.0389	9.83036	9.01827	9.82555	7.94834	8.07979	11.392	11.1504
AGPAT9	8.76095	7.52375	10.2576	8.60833	10.9534	10.0022	10.733	9.85314	11.9427	11.3649
AGPS	10.9075	11.043	8.48125	8.21996	9.87163	9.50849	9.54218	9.17488	11.7673	11.4839
AGRN	10.6275	10.7235	9.45876	9.05227	9.77868	9.59278	10.3558	10.1241	9.89782	10.3889
AGTPBP1	9.98779	8.98478	10.5005	9.7702	10.9465	9.75431	10.72	10.3602	9.9579	9.01789
AGTRAP	9.47514	8.33692	9.89567	10.4737	10.5588	10.483	10.7577	10.3974	9.5804	10.0413
AHCTF1	10.381	11.3061	9.70036	9.50578	9.76107	9.61433	9.98034	9.51332	9.95933	10.2784
AHCY	9.55009	8.6869	11.0995	10.5649	10.4371	9.92455	10.397	10.9534	9.28329	9.10332
AHCYL1	10.3298	9.42519	10.2149	10.3614	10.5682	9.81436	10.7507	10.2332	9.3697	8.93246
AHCYL2	9.56172	8.71677	9.8855	10.654	10.7759	10.7165	10.3363	10.2365	9.8515	9.26525
AHDC1	11.1797	11.8146	9.62124	10.0213	8.36931	8.63434	8.11728	8.07228	12.0886	12.0813
AHI1	10.0267	8.99237	9.97622	9.86053	10.5015	9.80991	10.6576	10.2076	9.83401	10.1335
AHNAK	11.123	11.3403	10.3138	10.4898	9.12077	9.25325	9.21361	9.37135	9.61819	10.1559
AHNAK2	11.0685	11.7125	10.2563	10.7354	8.40617	8.39507	8.61244	8.67535	10.9306	11.2077
AHR	9.80097	9.61827	10.1574	10.7486	12.6137	12.2798	4.78776	5.19041	12.1908	12.6124
AHRR	10.5295	10.8082	8.54323	8.34243	10.3455	10.7418	13.298	12.5604	7.39839	7.4326
AHSA1	9.51711	9.6885	10.1305	10.5034	10.0562	10.8817	9.95069	11.2015	9.02542	9.04491
AIDA	10.4942	10.223	10.3523	10.7726	9.1197	9.14707	8.34541	8.76457	10.6218	12.1593
AIF1L	9.84502	10.0387	9.43249	10.1488	9.5712	9.92706	10.8403	9.89373	10.1181	10.1846
AIFM1	11.2883	12.3015	8.29449	8.928	10.5064	10.2945	8.46882	8.85538	10.1686	10.894
AIFM2	10.1666	8.79595	9.56513	9.20953	10.7228	10.6834	10.1903	10.4499	10.3218	9.89457
AIM1	10.1506	10.7754	9.99888	9.48707	10.6377	10.6554	10.0608	9.22946	9.29109	9.71353
AIMP1	9.65114	9.71281	10.0577	10.2566	10.0863	10.4889	10.5852	10.4801	9.45493	9.22639
AIMP2	9.71077	8.13376	11.3988	10.1321	11.0396	10.2073	11.3283	10.6688	9.26089	8.11973
AIP	10.2306	10.1915	9.74705	10.6862	10.0361	10.0701	9.81916	9.70604	9.53476	9.97859
AJUBA	7.63687	7.07412	9.73649	10.3307	11.6071	11.7275	14.1941	14.2925	6.68915	6.71144
AK1	8.94536	8.59267	12.1598	11.9005	10.0637	10.6557	9.1375	10.3359	9.41165	8.79717
AK2	10.5491	11.4317	10.1877	10.0814	9.73068	9.87489	9.33115	9.67828	9.21237	9.92273
AK3	10.2674	10.3835	9.66774	8.89856	10.8608	10.8777	10.4032	10.8583	9.00099	8.78166
AK4	8.98143	9.32929	8.98918	8.70411	10.1615	10.6109	9.91957	10.2699	11.7455	11.2886
AK6	8.9083	8.45495	10.2593	10.5601	10.4398	9.88499	10.9133	11.7011	8.89126	9.98689
AKAP1	9.65558	11.3896	8.45142	8.57865	10.4395	11.1153	10.8358	11.5921	8.71748	9.22455
AKAP10	10.2246	8.73206	10.2937	10.4874	10.7173	10.4946	10.5703	10.1052	8.92957	9.44514
AKAP11	9.75821	11.3341	9.41623	9.36253	9.2651	10.372	10.0497	11.6234	9.45937	9.35929
AKAP12	11.4031	10.9665	8.41419	9.09582	9.82851	9.88504	12.6772	12.3154	7.78765	7.62663
AKAP13	11.3018	10.6459	10.0937	10.2526	9.68712	9.54805	9.09776	9.36218	10.0116	9.99937
AKAP17A	10.2369	9.97711	10.2382	9.23369	10.1165	9.4671	9.88314	8.73945	11.1386	10.9693
AKAP2	9.48708	10.621	8.21099	8.61732	9.89562	9.7112	10.1159	9.79475	11.5681	11.9781
AKAP5	11.0245	11.622	7.99366	8.34768	8.81938	9.24486	8.6206	8.85126	12.6032	12.8729
AKAP8	10.0706	11.8108	9.67989	9.68499	9.6184	9.96232	9.80172	9.98298	9.30002	10.0883
AKAP8L	10.0326	9.93155	9.22733	8.7119	10.9558	10.1065	10.7543	9.45885	10.4596	10.3615
AKAP9	10.1594	9.78463	9.9077	9.79386	9.62604	9.40961	9.86973	9.7584	10.9463	10.7443
AKIRIN2	10.7129	9.74591	10.2754	8.51826	9.37438	8.73022	9.76381	9.15232	12.7332	10.9936
AKR1A1	9.46408	8.17763	10.9267	11.0461	10.5287	10.173	10.9009	11.1812	8.87587	8.7258
AKR1B1	8.78308	8.26159	10.9859	10.8531	10.5176	10.9894	10.6542	11.0201	9.28087	8.65403
AKR1B15	9.54938	8.1597	10.7705	10.236	10.2412	10.8291	11.1296	10.2808	8.98353	9.82017
AKR1C1	8.90003	7.93336	9.63113	13.7127	10.456	10.5543	10.029	9.57015	9.22519	9.98815
AKR1C2	8.79944	7.69344	12.7603	12.397	9.77467	11.1009	9.99061	11.1831	8.15089	8.14963
AKR1C3	8.77134	8.85777	11.2709	11.8384	10.6308	10.8159	9.74919	9.80839	9.33306	8.92433
AKR7A2	9.28586	8.68827	10.5301	10.6886	10.2607	10.4846	10.1071	10.239	10.104	9.61185
AKT1	9.5973	8.45385	11.2527	11.1196	9.83365	9.35879	9.266	9.5143	11.1302	10.4735
AKT1S1	10.404	9.08536	10.1234	10.2041	10.4544	9.5503	11.1419	10.4095	9.06273	9.56427
AKT2	10.4925	8.96254	12.8283	11.6046	9.13583	8.52937	8.90578	9.22667	10.6796	9.63485
AKTIP	10.0633	8.83309	11.902	9.33837	9.38276	9.25975	9.70203	11.96	10.0649	9.49385
ALAD	9.93107	8.39155	10.8515	10.3631	10.484	9.86377	9.45609	9.39227	10.8937	10.373
ALAS1	11.1744	10.9463	7.37743	8.63136	9.8045	9.76453	10.8005	11.1182	10.1617	10.221
ALCAM	9.89232	10.8409	8.89837	9.55237	8.79298	10.0943	8.58347	9.14553	11.5626	12.6372
ALDH16A1	9.55679	7.5897	11.9094	10.979	10.2691	9.61915	10.3661	9.86544	10.4766	9.36874
ALDH18A1	9.30753	9.45452	8.61696	8.4392	11.2313	11.9511	11.9404	12.884	7.91845	8.25655
ALDH1A2	9.90634	8.87127	9.1462	8.63808	11.521	11.3061	10.8164	11.1244	9.48031	9.18983
ALDH1A3	10.6955	8.344	13.2066	11.3559	9.21775	7.81379	11.397	10.0026	9.7672	8.19961
ALDH1B1	10.6661	10.3178	9.55023	8.97585	10.2741	11.2054	10.8618	11.0536	8.80736	8.28779
ALDH1L2	5.82699	5.871	8.35778	8.60426	12.361	13.6597	14.8012	15.442	7.34073	7.73531
ALDH2	9.05019	9.18538	8.72176	8.32116	11.9139	11.6848	11.0481	11.5069	9.22641	9.34137
ALDH3A1	8.31004	8.24539	10.2236	11.2764	10.4163	10.2208	9.41234	9.05635	11.5959	11.243
ALDH3A2	10.0299	10.2321	10.2832	10.6034	9.56571	10.4526	9.2563	10.2389	9.32525	10.0127
ALDH3B1	11.4344	10.7425	10.8951	11.7086	8.02285	8.96248	8.76024	9.69622	9.55656	10.2211
ALDH4A1	9.44668	10.9155	8.73853	9.41294	10.5276	11.3364	9.35196	10.4336	9.1451	10.6917
ALDH5A1	9.48352	10.1408	8.24308	8.81178	11.0261	11.5965	10.2747	11.6464	9.02581	9.75143
ALDH6A1	10.5015	10.7514	8.83722	9.01436	9.58279	9.16484	9.73068	11.2741	10.5349	10.6082
ALDH7A1	9.87717	9.02503	10.4482	9.91558	10.4799	9.87122	10.5347	10.1186	10.282	9.44764
ALDH9A1	9.64379	9.14812	9.85449	10.5884	10.1471	10.6986	10.0657	10.6888	9.82991	9.33513
ALDOA	9.07376	9.56477	10.0086	10.4357	9.87803	9.42455	9.37167	9.30535	11.8393	11.0983
ALDOC	6.77995	6.85256	7.70621	8.04679	7.65936	7.75256	7.05472	7.5117	20.3751	20.2611
ALG1	11.2323	10.1833	10.3747	9.30437	10.2824	9.747	9.55046	9.4394	10.1397	9.74648
ALG10	9.56903	10.0161	10.1095	10.3172	9.95391	8.86482	7.07132	9.64889	12.4386	12.0106
ALG12	9.7864	9.07577	13.1032	9.59332	9.64296	9.8547	10.7122	9.27279	9.19419	9.76451
ALG13	11.1344	11.0547	9.85612	10.1812	10.6472	9.35476	10.3446	8.69711	9.46303	9.26705
ALG14	11.9515	8.15989	12.3403	8.76635	11.5385	10.8473	8.36127	8.97898	10.1899	8.86592
ALG2	8.89518	9.11371	8.81181	8.24742	10.904	10.5733	10.1982	11.4785	10.5109	11.2671
ALG3	13.2001	13.7826	10.8251	15.1247	11.014	10.4691	11.0531	9.20255	2.08473	3.24386
ALG5	10.3101	10.0373	10.7603	8.81325	10.2068	9.49387	9.1621	8.88967	11.6995	10.6272
ALG8	11.8537	10.6059	10.68	9.67194	9.59259	9.14406	8.15793	8.25813	11.1158	10.92
ALG9	8.87034	10.8184	10.0658	10.0175	9.81224	10.2727	10.0091	10.1066	9.99215	10.0351
ALKBH1	11.1096	9.88134	10.2774	10.9926	7.84478	10.7409	7.93862	7.63217	11.9356	11.647
ALKBH2	8.67248	9.3085	10.2731	11.5591	11.686	11.7787	12.0265	12.0224	6.30048	6.37281
ALKBH3	10.0693	9.24704	10.4306	10.5073	9.63209	8.80593	11.4718	11.3952	9.5448	8.89592
ALKBH4	10.2133	8.51159	9.7229	10.6357	9.92352	10.8304	11.1193	10.6534	9.86844	8.52144
ALKBH5	9.47314	9.29988	10.1345	10.6412	8.88107	9.77623	10.8068	11.0295	9.28635	10.6712
ALKBH6	9.18908	11.0131	10.137	11.2026	8.46992	8.0613	8.13849	10.0537	11.964	11.7708
ALKBH8	10.5675	9.42889	10.6536	10.7178	9.89209	9.79387	10.8147	10.3524	9.02979	8.74934
ALMS1	9.43024	9.90931	10.3313	10.6168	10.2494	9.34345	9.90358	10.9067	9.80703	9.50208
ALPL	9.86337	10.6349	8.33261	8.73914	9.83846	10.5376	10.9015	11.2035	9.85657	10.0923
ALS2	9.69786	9.27788	9.2397	9.23761	10.8351	10.1662	9.74801	9.60298	11.5255	10.6691
ALYREF	9.72145	10.1407	9.60151	9.87008	9.67946	9.74279	10.1273	9.96022	10.395	10.7615
AMACR	10.3566	10.076	9.58088	8.69265	9.3988	8.65712	8.92844	8.40041	13.3554	12.5537
AMBRA1	11.8016	4.70397	14.4956	8.89116	7.21148	13.0375	8.63751	12.6839	8.07891	10.4585
AMDHD2	9.23619	8.76493	10.6826	11.7825	10.3084	10.5949	10.2878	9.81466	9.39273	9.13531
AMFR	10.1943	9.38202	9.18799	8.76176	7.99412	9.00766	10.4043	9.44662	13.5069	12.1143
AMIGO2	7.12334	7.21407	6.90891	6.43037	11.7654	10.9665	10.5912	9.53999	14.9785	14.4816
AMMECR1	9.6937	8.44872	10.0279	9.68915	10.7271	10.8546	11.1887	11.3017	9.2331	8.83545
AMMECR1L	9.75881	8.19203	6.79978	9.81954	12.0553	10.7993	11.2847	11.1236	9.24275	10.9242
AMOTL1	9.82942	9.04255	10.0665	9.51684	9.77263	9.96117	10.0257	9.75919	11.0114	11.0146
AMOTL2	10.0799	10.0797	9.69741	9.61268	10.164	10.1792	10.3149	9.65969	10.3661	9.84644
AMPD2	9.92063	9.18517	10.4098	11.2516	10.2854	10.129	9.99247	10.4149	9.16051	9.25054
AMPD3	8.00629	9.28496	9.54585	9.08445	9.60743	9.50107	12.5538	10.8741	11.534	10.008
ANAPC1	10.2568	9.69948	10.5483	9.94445	10.1426	10.3394	9.94297	10.5238	9.25356	9.34871
ANAPC10	9.58923	11.4583	9.61643	10.4654	10.3529	9.69713	9.90299	10.0181	10.1043	8.79515
ANAPC16	8.58549	11.2657	9.27098	11.8018	9.70575	9.18425	10.3884	10.9608	8.0357	10.8011
ANAPC2	11.0542	9.53535	9.81665	9.39805	10.0059	9.41495	10.0651	9.75325	10.831	10.1255
ANAPC4	10.1796	9.54532	10.4933	9.02935	10.8584	9.93793	10.5708	9.75178	10.5352	9.09834
ANAPC5	10.2776	8.99344	11.5507	9.94976	10.1542	9.68611	10.0364	10.2449	9.7199	9.38694
ANAPC7	10.5339	10.1968	10.1501	10.0911	9.51163	9.86864	9.93055	10.3926	9.75698	9.56776
ANGEL2	7.74411	7.81009	10.5044	8.57395	10.4743	13.2351	11.549	11.829	8.70435	9.57566
ANK3	11.1462	11.2977	9.39437	9.52307	9.67136	9.85228	7.82502	7.8026	11.7436	11.7438
ANKFY1	9.78376	9.01982	9.53402	9.88866	10.1079	10.4077	9.66467	10.6001	10.3795	10.6139
ANKHD1	9.19139	11.3565	8.89919	10.5811	12.3752	11.8477	10.5479	10.9656	7.39641	6.83893
ANKHD1	9.84375	9.34564	9.49537	9.87114	10.4612	10.3625	10.4272	10.2839	10.0649	9.84435
ANKIB1	11.1563	9.94357	9.87747	10.823	8.65942	8.94003	8.67211	9.45249	11.3919	11.0837
ANKLE2	9.99002	11.0032	9.68845	9.4607	9.96447	10.2682	10.4459	10.5214	9.41374	9.24389
ANKMY2	8.90994	8.93362	9.809	9.86757	9.51665	10.0837	10.0058	10.9105	11.0905	10.8727
ANKRD10	14.0437	13.2537	10.4291	10.98	8.79036	8.41127	6.73133	8.71095	9.76265	8.88693
ANKRD11	9.9925	11.2716	9.98263	9.45255	9.53424	9.28938	10.495	10.3845	9.97003	9.62757
ANKRD12	9.67946	13.0636	7.93991	9.028	9.22026	8.33153	9.13634	9.62204	11.6426	12.3363
ANKRD13A	11.4589	8.45331	10.5448	11.7547	8.64034	9.4333	8.95797	9.19438	11.3948	10.1675
ANKRD17	10.3215	9.72865	10.0205	9.9445	9.84172	9.74912	10.032	10.0935	10.437	9.83146
ANKRD26	9.81778	9.667	10.1483	9.25529	10.1518	10.4258	9.47227	9.82362	10.6932	10.5448
ANKRD27	10.6503	10.0476	9.27885	9.89723	9.91268	9.95373	9.78014	10.3028	9.93701	10.2397
ANKRD28	9.76603	8.20626	9.97153	9.68245	10.9341	9.93953	11.2155	10.7774	10.1848	9.32242
ANKRD32	10.2442	10.7968	9.38768	9.20329	8.15136	8.19585	9.74002	9.35528	12.5258	12.3998
ANKRD35	11.2077	10.3233	7.9518	10.0366	8.82526	9.81657	9.21947	10.5926	9.02729	12.9994
ANKRD40	11.2234	10.2754	9.98517	11.574	9.72876	9.7542	9.66964	9.9349	8.80204	9.05242
ANKRD44	8.8524	7.63595	10.2961	9.25043	10.8561	10.4938	10.1794	10.1934	11.7413	10.5011
ANKRD49	9.45472	9.07361	10.2635	10.3972	10.2225	11.4807	10.7342	10.0052	8.97922	9.38919
ANKRD50	10.3017	9.60193	11.0554	10.6761	10.6885	10.5696	9.50083	10.1588	8.56461	8.88264
ANKRD52	11.61	9.99563	10.4799	10.3383	8.91155	8.88171	10.6461	10.9071	9.29197	8.93775
ANKRD54	9.78983	9.55006	10.7592	11.2287	10.0863	9.86156	9.75968	10.7474	9.04334	9.17398
ANKRD60	12.0539	8.75772	11.8766	9.77642	10.1403	9.67606	10.361	8.72389	10.2357	8.39842
ANKS1A	9.58159	9.18667	9.82523	10.0836	10.9171	10.464	10.8663	10.0767	9.62461	9.37428
ANKS6	8.80858	10.0162	7.86661	8.50693	9.81551	9.13621	14.568	12.6477	9.74477	8.88954
ANKZF1	9.00699	8.05284	9.76138	9.38379	10.6532	10.32	10.1342	10.3934	11.2915	11.0027
ANLN	7.40964	7.38134	6.43792	6.30969	4.73359	4.63786	5.69882	5.68393	25.4632	26.244
ANO10	10.367	10.3777	10.755	10.168	9.41694	9.5829	8.04913	8.98728	10.9846	11.3114
ANO6	10.8229	10.1056	11.1587	10.2717	8.83394	9.13595	8.31577	8.81678	10.6166	11.9221
ANP32A	8.11609	9.14568	9.87368	10.9089	10.5137	10.9768	10.9671	11.5425	8.31484	9.64078
ANP32B	9.05423	8.62036	11.1295	10.4411	10.808	9.81177	11.3468	10.8204	9.03723	8.93056
ANP32E	9.90042	8.8642	11.0198	10.3647	10.2521	9.79932	10.4845	9.74727	10.1871	9.38053
ANPEP	8.77802	9.14832	8.64049	9.00508	9.88252	10.9674	11.1162	11.0433	10.6325	10.7862
ANTXR1	11.5219	11.0516	9.67499	9.02945	8.20096	9.07832	10.2889	10.5285	10.44	10.1854
ANXA1	8.74043	8.60949	9.99784	10.7455	10.5672	10.936	10.5645	10.8058	9.70314	9.33016
ANXA10	9.06544	7.52635	10.9068	11.1929	10.7445	10.9077	10.1556	10.9553	9.07127	9.47416
ANXA11	9.37574	9.46943	11.2328	11.1461	9.92919	9.4524	10.4506	10.7204	9.23201	8.99129
ANXA2	9.48912	10.3965	10.6241	11.1553	9.33143	9.80913	9.28307	9.46538	10.0888	10.3572
ANXA3	9.73604	7.73673	11.1597	10.1507	11.2343	9.60786	13.1019	11.3881	8.67936	7.20528
ANXA4	8.78207	8.62241	10.4446	10.2937	10.2036	9.96949	10.3244	10.4467	10.7323	10.1807
ANXA5	9.38626	8.21627	10.933	10.7718	10.5931	10.1248	10.7134	10.6044	9.77633	8.88065
ANXA6	10.0918	9.60439	11.3649	11.3978	9.81812	9.91986	9.76866	9.59707	9.52183	8.91566
ANXA7	9.89301	8.72533	10.3144	10.7826	10.7781	10.1897	10.6689	10.654	9.09331	8.90059
ANXA8L2	9.23925	8.30072	11.3454	11.9762	9.8119	9.88133	10.0413	10.6417	9.71751	9.04472
AP1AR	10.2085	9.51785	9.22521	10.6291	10.0325	10.177	10.8624	10.9369	8.13667	10.2738
AP1B1	10.592	9.12463	10.9197	9.57091	10.5519	9.4208	10.1087	9.30973	10.9906	9.41088
AP1G1	10.055	8.32856	10.7003	9.79313	10.6088	9.84396	10.8699	10.2868	10.1241	9.38937
AP1G2	11.1843	9.60277	10.2569	10.3	10.4874	10.2712	8.3836	8.07363	10.9322	10.5081
AP1M1	9.96996	8.83398	10.5309	9.63193	10.7421	10.4584	10.0549	10.0618	9.99444	9.72162
AP1S1	9.59677	9.49826	10.2998	9.84462	10.4428	10.7004	10.1146	10.9932	9.4054	9.10421
AP1S2	11.1334	10.2388	9.74883	11.0924	10.7546	10.4366	10.2291	10.4394	8.58866	7.33818
AP1S3	10.0155	9.06785	9.60202	10.2407	9.85939	10.259	9.02144	10.4377	10.73	10.7665
AP2A1	11.0956	10.2294	10.3433	9.72647	9.77993	9.55159	9.12178	8.85492	10.7621	10.5349
AP2A2	9.73664	10.6128	9.42792	9.83592	9.90451	10.852	9.94646	10.5272	9.32797	9.82861
AP2B1	10.6547	9.69303	10.8011	9.70127	10.231	9.79009	9.50907	9.40418	10.1614	10.0542
AP2M1	10.7263	9.613	10.625	9.61381	10.2694	10.1075	9.16742	9.22166	10.4213	10.2346
AP2M1	11.5596	9.76044	9.3922	9.07076	10.5401	11.0008	7.25402	9.04543	10.9065	11.4702
AP2S1	10.927	9.14926	10.2537	9.97309	9.94132	9.50812	9.55721	8.98011	10.7661	10.9442
AP3B1	9.7861	9.02746	10.4405	10.5868	10.0977	10.0193	10.5182	10.4147	9.64354	9.46571
AP3D1	9.81787	9.23563	9.72748	9.75252	10.5625	10.268	10.5532	10.5528	9.88026	9.64984
AP3M1	10.3931	8.56657	10.6721	10.3501	10.159	9.42673	10.979	10.3654	9.86045	9.22754
AP3M2	9.88518	8.06407	10.7674	9.66396	10.9753	9.77235	10.8484	9.86471	10.7223	9.43623
AP3S1	9.93873	9.66997	8.60942	11.4764	9.67071	9.80243	10.0092	10.0228	9.89263	10.9077
AP3S2	7.85783	10.797	9.25162	12.3157	11.221	9.18391	10.7016	11.8137	9.82147	7.03623
AP4B1	10.3986	8.76102	9.11991	10.2131	10.5297	10.5	10.4139	10.2696	9.96719	9.82701
AP4E1	9.39251	8.54558	10.002	9.83964	10.5285	10.5785	10.3553	10.6288	10.1149	10.0143
AP4M1	10.5565	9.21567	10.9607	10.1709	9.49809	10.2714	10.1814	9.8227	9.65937	9.66334
AP4S1	7.50382	8.91732	8.15523	12.2362	10.231	11.4503	10.8059	12.1923	8.12196	10.386
AP5B1	10.1925	10.3123	11.4684	9.97454	10.4474	8.82281	9.78045	8.85426	10.6521	9.49519
AP5M1	9.92653	8.78839	9.49117	9.80045	10.6979	10.6112	10.0664	10.1848	10.2055	10.2278
AP5S1	8.44462	9.44151	8.23662	9.64491	9.41127	11.8036	9.60747	12.1477	9.35828	11.904
AP5Z1	8.84632	8.63077	10.15	8.74146	10.3193	10.6659	11.2486	11.7156	9.93287	9.74933
APAF1	10.4408	9.443	10.8229	10.0042	9.79713	8.82604	10.1516	9.35994	11.0726	10.0818
APBA3	9.92124	10.0569	9.27025	9.64126	9.6462	8.65687	10.6268	9.57301	11.0901	11.5174
APBB1	12.5039	10.5149	10.5361	10.5519	7.31658	6.75533	8.97195	8.79639	12.6709	11.3821
APBB2	9.60471	10.1406	8.77351	8.92564	7.64118	9.12888	10.4207	10.4027	12.7501	12.212
APC	11.3312	11.7407	9.5558	9.83513	9.66484	9.16409	9.02141	9.06598	10.3652	10.2556
APEH	11.0603	8.31964	12.775	10.5984	10.0699	9.83294	10.1042	9.58256	9.12799	8.52904
APEX1	9.05735	9.16826	10.3397	11.0709	10.4509	9.87597	10.9485	11.3404	8.56022	9.18771
APEX2	10.0475	9.34546	11.0234	11.0628	7.81383	8.47964	9.41034	9.93684	11.5178	11.3624
APH1A	9.96605	8.99662	11.1712	9.52499	9.28579	10.6235	9.24841	9.61003	10.4279	11.1456
API5	9.53985	9.16854	10.8276	10.0845	10.0317	9.97579	10.307	10.2797	9.88724	9.89814
API5	7.54101	10.7927	10.3187	9.54648	12.9499	11.2071	10.1214	8.80265	8.08349	10.6365
API5	8.8752	8.52021	8.49937	10.5724	12.0062	11.1713	9.07605	8.94992	11.6551	10.6742
APIP	8.57739	8.18939	10.2468	10.7418	11.3017	10.5719	10.782	10.4967	9.78767	9.3046
APITD1	10.2727	10.0255	9.79698	10.3224	8.95821	8.89344	9.37648	9.36139	10.9762	12.0167
APLP2	10.2458	10.2824	9.83341	9.34335	9.08762	10.2723	9.06037	10.1982	10.7103	10.9663
APMAP	10.3576	11.0615	10.4075	9.97846	9.53041	9.32357	8.50157	8.60241	11.36	10.877
APOA1BP	8.96918	9.44925	10.4322	10.8075	10.6555	10.9237	9.79679	10.3596	9.22052	9.38566
APOB	12.1503	12.3311	9.43037	9.29471	9.72128	10.187	8.65369	8.26352	9.77715	10.1909
APOBEC3B	10.9301	10.8504	11.3867	10.814	6.763	7.08513	7.08845	6.99863	13.1597	14.9239
APOD	10.0604	13.59	7.3838	10.9955	9.51184	12.6056	9.18633	10.4612	6.9547	9.25057
APOE	9.12253	8.94805	6.56868	6.2878	12.3899	12.6715	11.2545	12.3976	10.4543	9.90508
APOH	8.78005	10.7703	13.2084	11.0136	8.85031	11.4598	9.99617	11.0897	7.95509	6.87668
APOL2	11.5992	10.9653	10.5038	10.1369	7.90729	7.70836	8.40951	7.90882	12.5762	12.2845
APOO	9.86565	9.72952	8.21476	8.83562	11.9363	12.44	9.1875	9.9181	9.25681	10.6157
APOOL	10.4684	9.20708	7.7033	8.96093	12.8073	13.1707	9.46709	11.0635	7.7348	9.41689
APP	10.4885	11.1881	9.41053	9.1706	8.93227	9.47758	9.71504	9.66878	11.053	10.8957
APPBP2	10.7315	8.99369	10.3729	9.0308	8.35692	8.69642	10.622	10.2636	11.9541	10.978
APPL1	9.82059	8.59919	11.2049	11.0762	10.1185	10.0907	9.71277	10.4407	9.58658	9.35
APPL2	9.89928	8.74651	10.699	10.5439	10.2683	9.49956	9.23712	9.33814	11.3425	10.4258
APRT	9.84835	8.41918	11.1976	10.2821	10.9969	10.5458	10.2727	10.2888	9.38093	8.7676
APTX	9.6376	9.34965	9.98046	10.2393	10.354	10.0425	10.2999	10.2758	9.68355	10.1373
AQP3	13.8934	13.6691	9.96884	10.6714	10.9306	10.0644	7.30134	7.9628	7.8374	7.70075
AQPEP	8.45255	10.2378	10.9408	9.00669	10.3386	10.9197	10.7621	8.79396	11.4084	9.13937
AQR	10.505	10.5763	9.76532	9.73797	9.2221	9.52694	9.67747	9.81354	10.3366	10.8387
ARAF	10.2694	9.23749	11.1606	10.9773	10.5768	10.3299	9.85173	10.0556	8.84773	8.69351
ARAP1	10.2006	9.01049	10.6727	10.5607	9.75459	9.80444	9.8368	10.3073	10.1426	9.70977
ARAP3	9.90479	9.22765	10.5844	11.2116	10.2864	10.7769	8.91182	9.75561	9.43649	9.90426
ARCN1	10.1756	9.35496	10.0048	10.1925	9.55622	9.75205	10.3633	10.6862	10.0251	9.88927
ARF3	9.8839	8.25464	10.589	10.1447	10.2024	9.71524	11.4236	11.0748	9.41627	9.29538
ARF4	9.94738	7.33003	11.049	9.60713	10.3226	8.8732	11.9752	11.4757	10.3894	9.0304
ARF5	9.59536	8.31103	10.2561	10.9365	10.3584	9.94189	9.72636	10.5236	10.1929	10.1578
ARF6	9.51643	8.9063	9.80184	10.913	9.13707	9.3116	9.45047	10.4708	10.8959	11.5966
ARFGAP1	10.0247	10.2408	8.82235	10.572	9.15057	9.98981	10.6456	11.2205	9.26697	10.0666
ARFGAP2	10.0287	9.51863	10.5951	10.8502	9.93644	9.65925	10.6426	10.2425	9.64961	8.87705
ARFGAP2	9.32714	10.0132	9.92006	10.3711	10.1793	10.1572	11.6993	11.76	8.13311	8.43963
ARFGAP3	9.19071	8.41486	9.48697	9.62239	9.58044	9.75766	11.4356	11.3585	10.8806	10.2723
ARFGAP3	9.25699	9.30124	8.37762	8.70109	9.51077	10.2343	10.3947	12.4416	10.3164	11.4653
ARFGEF1	10.2953	8.82069	10.274	10.3244	9.66291	9.88809	9.51593	10.2803	10.5671	10.3712
ARFGEF2	9.96055	8.4219	10.756	9.6799	10.19	9.97991	10.8626	10.3897	10.3974	9.362
ARFGEF3	9.83147	8.58435	10.033	8.75683	9.56388	7.67547	11.525	10.8063	11.8456	11.3781
ARFIP1	9.44364	8.84303	9.88602	10.9735	10.1412	10.2769	10.5122	10.8135	9.48135	9.62861
ARFIP2	9.90599	9.13243	9.58008	10.3198	9.92264	9.78269	10.8576	11.0462	9.65928	9.7933
ARFRP1	9.22107	10.1451	9.66737	9.14614	10.8131	10.9972	10.7723	11.988	9.04908	8.20065
ARGLU1	9.68824	11.1514	9.90772	9.88466	10.0144	9.84833	10.5459	10.0367	9.41166	9.51094
ARHGAP1	8.67112	8.24813	10.0315	10.9178	10.2945	10.9203	10.3744	10.4226	10.0128	10.1068
ARHGAP10	10.0064	9.53804	10.5979	10.2706	9.88699	9.76182	9.50183	9.56623	10.311	10.5592
ARHGAP11A	11.0388	10.0741	9.61428	10.7796	8.45852	8.31844	8.13767	8.66777	12.8371	12.0738
ARHGAP12	9.73326	8.22301	10.08	9.62441	11.0229	10.1859	9.88967	9.90215	10.8905	10.4483
ARHGAP17	9.8926	9.17142	10.9099	10.532	10.0563	10.2533	9.92159	9.9794	9.88311	9.40034
ARHGAP18	10.2495	9.02704	11.394	10.3808	10.4041	9.44156	9.12136	8.81414	10.8682	10.2994
ARHGAP21	11.3716	11.6172	10.192	9.80361	10.1407	10.2738	8.99191	8.95886	9.39439	9.25601
ARHGAP23	9.88407	9.09775	10.342	9.43895	10.3221	10.0377	10.4901	10.3906	10.2696	9.7271
ARHGAP29	10.8713	10.6997	9.82833	10.1552	9.20712	9.56993	9.28961	9.66532	10.2338	10.4796
ARHGAP31	9.51076	9.25789	8.07342	9.65542	11.1402	9.84286	9.21826	8.87637	11.2159	13.2089
ARHGAP32	12.3109	8.40894	10.5793	10.025	8.7182	11.5791	9.33731	9.7746	8.34034	10.9261
ARHGAP35	10.0366	8.72254	10.3168	10.0681	9.93342	10.0173	10.2549	10.0875	10.4701	10.0928
ARHGAP39	11.3228	11.2126	8.88472	8.83024	10.0622	9.79023	9.38254	10.1505	9.23439	11.1298
ARHGAP42	11.3299	11.0388	9.9101	9.73137	9.66356	9.42029	8.8481	8.69121	11.4017	9.965
ARHGAP44	11.7124	8.46282	11.0327	11.4708	10.4468	8.46698	9.38605	7.62448	11.6274	9.76953
ARHGAP5	9.74317	8.80859	10.1702	9.89275	10.131	9.99522	9.95881	9.56779	11.0481	10.6845
ARHGDIA	9.58539	9.28258	10.7367	11.098	10.4798	10.7806	10.3695	10.6192	8.61466	8.43358
ARHGEF1	8.77504	9.31844	9.88373	10.9837	9.79128	9.50655	10.6576	11.5289	9.38058	10.1743
ARHGEF10	9.62141	8.76121	10.0429	10.2012	9.98381	9.85964	10.5989	10.4937	10.3372	10.1001
ARHGEF10L	9.86422	9.3782	11.9374	11.9183	8.78626	8.86578	11.104	8.87622	10.1532	9.11646
ARHGEF11	10.2819	9.36301	10.0977	10.3729	9.60481	9.54798	8.93809	8.79377	11.9895	11.0103
ARHGEF12	10.6639	10.1455	10.451	10.4679	8.97029	8.89456	8.29461	8.54778	11.928	11.6365
ARHGEF16	8.14825	7.11367	9.45719	9.98905	10.3669	9.88838	11.6638	10.9368	11.4821	10.9538
ARHGEF17	10.2654	10.7998	9.26745	9.62596	9.8321	10.3897	9.55237	9.63788	10.1269	10.5024
ARHGEF18	9.74448	9.71474	9.38031	9.14419	8.51421	9.09019	8.08842	8.94861	13.8686	13.5063
ARHGEF2	8.09467	7.96884	8.717	9.21084	12.2753	12.8373	12.3528	12.687	7.83902	8.01716
ARHGEF28	9.63212	9.77933	8.13404	8.92033	10.1662	10.0444	12.4546	12.5195	9.57535	8.77424
ARHGEF3	10.2682	10.0759	10.9591	11.9314	9.0166	7.91063	7.36175	9.60708	11.2872	11.5821
ARHGEF37	9.59324	8.72516	9.29534	9.30195	8.82327	10.9141	10.5461	9.61304	10.8667	12.3211
ARHGEF4	9.14085	8.19831	7.91647	7.47461	12.2969	12.4854	13	12.5061	8.66974	8.31165
ARHGEF40	10.2084	9.9048	11.6075	11.1041	8.8411	9.35636	8.06519	8.1295	11.5897	11.1933
ARHGEF5	9.81423	9.62175	8.97171	9.67383	10.18	9.96826	9.55076	9.41653	11.4502	11.3527
ARHGEF7	10.1654	9.08581	10.5874	9.92426	10.062	9.6445	9.85946	9.79463	10.895	9.98154
ARID1A	10.6636	11.6205	10.2975	9.85	9.80811	9.70793	9.17043	8.91064	9.95008	10.0212
ARID1B	10.5249	11.032	9.94094	9.41657	10.2514	9.6889	9.86977	9.40117	9.9686	9.90576
ARID2	11.4778	11.4585	10.5239	9.98442	9.43135	9.19282	8.97081	8.81306	10.1568	9.99053
ARID4A	10.29	11.3139	8.87898	8.72122	9.24232	9.13413	9.39866	8.77005	12.4951	11.7556
ARID4B	10.998	12.2814	9.11278	9.41881	9.36694	9.54404	9.14041	9.40058	10.0166	10.7205
ARID5B	11.9025	12.5714	10.6579	10.45	8.69218	8.22022	7.39343	7.61001	11.3843	11.1181
ARIH1	9.13774	9.04913	9.79447	10.9631	10.4563	10.5928	10.3473	10.7301	9.70352	9.22563
ARIH2	8.81982	8.2831	11.432	11.2003	9.96919	10.7833	10.6342	11.0237	9.14135	8.7129
ARL1	9.46832	8.51147	9.75074	9.38987	10.2836	9.50932	10.6088	11.0009	10.3556	11.1214
ARL13B	8.4631	8.22845	9.22116	8.91119	10.939	12.7745	10.3612	11.5794	9.87976	9.64224
ARL14EP	10.3649	11.5522	8.102	9.96883	10.2088	11.4994	9.37246	10.5216	9.23436	9.17545
